S 1 001 001  1 1 1 001 001 000 +  + + 0000108.00   0000108   
S 1 001 001  2 1 1 001 001 000 +  + + 0000087.00   0000087   
S 1 001 001  1 1 2 001 015 000 +  + + 0000004.00   0000004   
S 1 001 001  2 1 2 001 015 000 +  + + 0000001.00   0000001   
S 1 001 001  2 1 2 001 023 000 +  + + 0000001.00   0000001   
S 1 001 001  1 1 2 001 043 000 +  + + 0000001.00   0000001   
S 1 001 001  1 1 2 001 047 000 +  + + 0000007.00   0000007   
S 1 001 001  2 1 2 001 047 000 +  + + 0000006.00   0000006   
S 1 001 001  1 1 2 001 066 000 +  + + 0000005.00   0000005   
S 1 001 001  2 1 2 001 066 000 +  + + 0000002.00   0000002   
S 1 001 001  1 1 2 001 096 000 +  + + 0000003.00   0000003   
S 1 001 001  2 1 2 001 096 000 +  + + 0000005.00   0000005   
S 1 001 001  2 1 2 001 098 000 +  + + 0000005.00   0000005   
S 1 001 001  1 1 2 001 101 000 +  + + 0000001.00   0000001   
S 1 001 001  2 1 2 001 120 000 +  + + 0000001.00   0000001   
S 1 001 001  1 1 2 001 125 000 +  + + 0000015.00   0000015   
S 1 001 001  2 1 2 001 125 000 +  + + 0000024.00   0000024   
S 1 001 001  1 1 2 001 130 000 +  + + 0000001.00   0000001   
S 1 001 001  2 1 2 001 130 000 +  + + 0000001.00   0000001   
S 1 001 001  1 1 2 001 176 000 +  + + 0000003.00   0000003   
S 1 001 001  2 1 2 001 176 000 +  + + 0000005.00   0000005   
S 1 001 001  2 1 2 001 179 000 +  + + 0000001.00   0000001   
S 1 001 001  1 1 2 001 217 000 +  + + 0000021.00   0000021   
S 1 001 001  2 1 2 001 217 000 +  + + 0000012.00   0000012   
S 1 001 001  1 1 2 001 219 000 +  + + 0000001.00   0000001   
S 1 001 001  1 1 2 001 236 000 +  + + 0000002.00   0000002   
S 1 001 001  2 1 2 001 236 000 +  + + 0000002.00   0000002   
S 1 001 001  2 1 2 001 244 000 +  + + 0000004.00   0000004   
S 1 001 001  1 1 2 001 246 000 +  + + 0000001.00   0000001   
S 1 001 001  1 1 2 001 272 000 +  + + 0000010.00   0000010   
S 1 001 001  2 1 2 001 272 000 +  + + 0000017.00   0000017   
S 1 001 001  1 1 2 001 287 000 +  + + 0000002.00   0000002   
S 1 001 001  2 1 2 001 287 000 +  + + 0000003.00   0000003   
S 1 001 001  1 1 2 007 073 000 +  + + 0000001.00   0000001   
S 1 001 001  1 1 2 096 004 000 +  + + 0000001.00   0000001   
S 1 001 001  1 2 1 001 001 000 +  + + 0000135.00   0000135   
S 1 001 001  2 2 1 001 001 000 +  + + 0000109.00   0000109   
S 1 001 001  1 2 2 001 005 000 +  + + 0000001.00   0000001   
S 1 001 001  2 2 2 001 005 000 +  + + 0000001.00   0000001   
S 1 001 001  1 2 2 001 006 000 +  + + 0000001.00   0000001   
