L 1 001 001  1 1 1 001 001 000 04 2 1 0000005.00         ND  
L 1 001 001  1 1 1 001 001 000 05 1 3 0000001.00         ND  
L 1 001 001  1 1 1 001 001 000 05 2 2 0000001.00         ND  
L 1 001 001  1 1 1 001 001 000 06 2 1 0000009.00         ND  
L 1 001 001  1 1 1 001 001 000 06 2 2 0000002.00         ND  
L 1 001 001  1 1 1 001 001 000 07 1 1 0000002.00         ND  
L 1 001 001  1 1 1 001 001 000 08 1 1 0000001.00         ND  
L 1 001 001  1 1 1 001 001 000 08 2 1 0000052.00         ND  
L 1 001 001  1 1 1 001 001 000 08 2 2 0000001.00         ND  
L 1 001 001  1 1 1 001 001 000 08 2 4 0000002.00         ND  
L 1 001 001  1 1 1 001 001 000 08 3 1 0000008.00         ND  
L 1 001 001  1 1 1 001 001 000 08 4 1 0000001.00         ND  
L 1 001 001  1 1 1 001 001 000 12 1 1 0000002.00         ND  
L 1 001 001  1 1 1 001 001 000 12 2 1 0000016.00         ND  
L 1 001 001  1 1 1 001 001 000 12 2 4 0000001.00         ND  
L 1 001 001  1 1 1 001 001 000 12 3 1 0000004.00         ND  
L 1 001 001  2 1 1 001 001 000 04 3 1 0000001.00         ND  
L 1 001 001  2 1 1 001 001 000 05 1 2 0000001.00         ND  
L 1 001 001  2 1 1 001 001 000 05 2 1 0000002.00         ND  
L 1 001 001  2 1 1 001 001 000 05 2 2 0000001.00         ND  
L 1 001 001  2 1 1 001 001 000 06 2 1 0000001.00         ND  
L 1 001 001  2 1 1 001 001 000 06 2 2 0000002.00         ND  
L 1 001 001  2 1 1 001 001 000 08 2 1 0000040.00         ND  
L 1 001 001  2 1 1 001 001 000 08 3 1 0000016.00         ND  
L 1 001 001  2 1 1 001 001 000 10 2 1 0000001.00         ND  
L 1 001 001  2 1 1 001 001 000 12 1 1 0000002.00         ND  
L 1 001 001  2 1 1 001 001 000 12 2 1 0000016.00         ND  
L 1 001 001  2 1 1 001 001 000 12 3 1 0000004.00         ND  
L 1 001 001  1 1 2 001 015 000 08 2 1 0000004.00         ND  
L 1 001 001  2 1 2 001 015 000 08 2 1 0000001.00         ND  
L 1 001 001  2 1 2 001 023 000 08 2 1 0000001.00         ND  
L 1 001 001  1 1 2 001 043 000 08 2 3 0000001.00         ND  
L 1 001 001  1 1 2 001 047 000 05 1 2 0000002.00         ND  
L 1 001 001  1 1 2 001 047 000 05 1 3 0000001.00         ND  
L 1 001 001  1 1 2 001 047 000 05 2 2 0000003.00         ND  
L 1 001 001  1 1 2 001 047 000 05 2 3 0000001.00         ND  
L 1 001 001  2 1 2 001 047 000 04 2 2 0000001.00         ND  
L 1 001 001  2 1 2 001 047 000 05 1 3 0000001.00         ND  
L 1 001 001  2 1 2 001 047 000 05 2 2 0000002.00         ND  
L 1 001 001  2 1 2 001 047 000 06 1 2 0000001.00         ND  
